200 150 1 ZZ zz 5000 15
250 150 1 ZZ zz 5000 15
250 200 1 ZZ zz 5000 15
300 150 1 ZZ zz 5000 15
300 200 1 ZZ zz 5000 15
300 250 1 ZZ zz 5000 15
350 150 1 ZZ zz 5000 15
350 200 1 ZZ zz 5000 15
350 250 1 ZZ zz 5000 15
350 300 1 ZZ zz 5000 15
400 150 1 ZZ zz 5000 15
400 200 1 ZZ zz 5000 15
400 250 1 ZZ zz 5000 15
400 300 1 ZZ zz 5000 15
400 350 1 ZZ zz 5000 15
450 150 1 ZZ zz 5000 15
450 200 1 ZZ zz 5000 15
450 250 1 ZZ zz 5000 15
450 300 1 ZZ zz 5000 15
450 350 1 ZZ zz 5000 15
450 400 1 ZZ zz 5000 15
500 150 1 ZZ zz 5000 15
500 200 1 ZZ zz 5000 15
500 250 1 ZZ zz 5000 15
500 300 1 ZZ zz 5000 15
500 350 1 ZZ zz 5000 15
500 400 1 ZZ zz 5000 15
500 450 1 ZZ zz 5000 15
550 150 1 ZZ zz 5000 15
550 200 1 ZZ zz 5000 15
550 250 1 ZZ zz 5000 15
550 300 1 ZZ zz 5000 15
550 350 1 ZZ zz 5000 15
550 400 1 ZZ zz 5000 15
550 450 1 ZZ zz 5000 15
550 500 1 ZZ zz 5000 15
600 150 1 ZZ zz 5000 15
600 200 1 ZZ zz 5000 15
600 250 1 ZZ zz 5000 15
600 300 1 ZZ zz 5000 15
600 350 1 ZZ zz 5000 15
600 400 1 ZZ zz 5000 15
600 450 1 ZZ zz 5000 15
600 500 1 ZZ zz 5000 15
600 550 1 ZZ zz 5000 15
650 150 1 ZZ zz 5000 15
650 200 1 ZZ zz 5000 15
650 250 1 ZZ zz 5000 15
650 300 1 ZZ zz 5000 15
650 350 1 ZZ zz 5000 15
650 400 1 ZZ zz 5000 15
650 450 1 ZZ zz 5000 15
650 500 1 ZZ zz 5000 15
650 550 1 ZZ zz 5000 15
650 600 1 ZZ zz 5000 15
700 150 1 ZZ zz 5000 15
700 200 1 ZZ zz 5000 15
700 250 1 ZZ zz 5000 15
700 300 1 ZZ zz 5000 15
700 350 1 ZZ zz 5000 15
700 400 1 ZZ zz 5000 15
700 450 1 ZZ zz 5000 15
700 500 1 ZZ zz 5000 15
700 550 1 ZZ zz 5000 15
700 600 1 ZZ zz 5000 15
700 650 1 ZZ zz 5000 15
750 150 1 ZZ zz 5000 15
750 200 1 ZZ zz 5000 15
750 250 1 ZZ zz 5000 15
750 300 1 ZZ zz 5000 15
750 350 1 ZZ zz 5000 15
750 400 1 ZZ zz 5000 15
750 450 1 ZZ zz 5000 15
750 500 1 ZZ zz 5000 15
750 550 1 ZZ zz 5000 15
750 600 1 ZZ zz 5000 15
750 650 1 ZZ zz 5000 15
750 700 1 ZZ zz 5000 15
800 150 1 ZZ zz 5000 15
800 200 1 ZZ zz 5000 15
800 250 1 ZZ zz 5000 15
800 300 1 ZZ zz 5000 15
800 350 1 ZZ zz 5000 15
800 400 1 ZZ zz 5000 15
800 450 1 ZZ zz 5000 15
800 500 1 ZZ zz 5000 15
800 550 1 ZZ zz 5000 15
800 600 1 ZZ zz 5000 15
800 650 1 ZZ zz 5000 15
800 700 1 ZZ zz 5000 15
800 750 1 ZZ zz 5000 15
850 150 1 ZZ zz 5000 15
900 150 1 ZZ zz 5000 15
900 200 1 ZZ zz 5000 15
900 250 1 ZZ zz 5000 15
900 300 1 ZZ zz 5000 15
900 350 1 ZZ zz 5000 15
900 400 1 ZZ zz 5000 15
900 450 1 ZZ zz 5000 15
900 500 1 ZZ zz 5000 15
900 550 1 ZZ zz 5000 15
900 600 1 ZZ zz 5000 15
900 650 1 ZZ zz 5000 15
900 700 1 ZZ zz 5000 15
900 750 1 ZZ zz 5000 15
900 800 1 ZZ zz 5000 15
900 850 1 ZZ zz 5000 15
