200 150  1 HZ wwz 23000 15
200 150 12 HZ wwz 23000 15
200 150 18 HZ wwz 23000 15
200 150  2 HZ zzz 15000 15
200 150 24 HZ wwz 23000 15
200 150  3 HZ ttz 30000 15
200 150  6 HZ wwz 23000 15
250 150  1 HZ wwz 23000 15
250 150 12 HZ wwz 23000 15
250 150 18 HZ wwz 23000 15
250 150  2 HZ zzz 15000 15
250 150 24 HZ wwz 23000 15
250 150  3 HZ ttz 30000 15
250 150  6 HZ wwz 23000 15
250 200  1 HZ wwz 23000 15
250 200 12 HZ wwz 23000 15
250 200 18 HZ wwz 23000 15
250 200  2 HZ zzz 15000 15
250 200 24 HZ wwz 23000 15
250 200  3 HZ ttz 30000 15
250 200  6 HZ wwz 23000 15
300 150  1 HZ wwz 23000 15
300 150 12 HZ wwz 23000 15
300 150 18 HZ wwz 23000 15
300 150  2 HZ zzz 15000 15
300 150 24 HZ wwz 23000 15
300 150  3 HZ ttz 30000 15
300 150  6 HZ wwz 23000 15
300 200  1 HZ wwz 23000 15
300 200 12 HZ wwz 23000 15
300 200 18 HZ wwz 23000 15
300 200  2 HZ zzz 15000 15
300 200 24 HZ wwz 23000 15
300 200  3 HZ ttz 30000 15
300 200  6 HZ wwz 23000 15
300 250  1 HZ wwz 23000 15
300 250 12 HZ wwz 23000 15
300 250 18 HZ wwz 23000 15
300 250  2 HZ zzz 15000 15
300 250 24 HZ wwz 23000 15
300 250  3 HZ ttz 30000 15
300 250  6 HZ wwz 23000 15
350 150  1 HZ wwz 23000 15
350 150 12 HZ wwz 23000 15
350 150 18 HZ wwz 23000 15
350 150  2 HZ zzz 15000 15
350 150 24 HZ wwz 23000 15
350 150  3 HZ ttz 30000 15
350 150  6 HZ wwz 23000 15
350 200  1 HZ wwz 23000 15
350 200 12 HZ wwz 23000 15
350 200 18 HZ wwz 23000 15
350 200  2 HZ zzz 15000 15
350 200 24 HZ wwz 23000 15
350 200  3 HZ ttz 30000 15
350 200  6 HZ wwz 23000 15
350 250  1 HZ wwz 23000 15
350 250 12 HZ wwz 23000 15
350 250 18 HZ wwz 23000 15
350 250  2 HZ zzz 15000 15
350 250 24 HZ wwz 23000 15
350 250  3 HZ ttz 30000 15
350 250  6 HZ wwz 23000 15
350 300  1 HZ wwz 23000 15
350 300 12 HZ wwz 23000 15
350 300 18 HZ wwz 23000 15
350 300  2 HZ zzz 15000 15
350 300 24 HZ wwz 23000 15
350 300  3 HZ ttz 30000 15
350 300  6 HZ wwz 23000 15
400 150  1 HZ wwz 23000 15
400 150 12 HZ wwz 23000 15
400 150 18 HZ wwz 23000 15
400 150  2 HZ zzz 15000 15
400 150 24 HZ wwz 23000 15
400 150  3 HZ ttz 30000 15
400 150  6 HZ wwz 23000 15
400 200  1 HZ wwz 23000 15
400 200 12 HZ wwz 23000 15
400 200 18 HZ wwz 23000 15
400 200  2 HZ zzz 15000 15
400 200 24 HZ wwz 23000 15
400 200  3 HZ ttz 30000 15
400 200  6 HZ wwz 23000 15
400 250  1 HZ wwz 23000 15
400 250 12 HZ wwz 23000 15
400 250 18 HZ wwz 23000 15
400 250  2 HZ zzz 15000 15
400 250 24 HZ wwz 23000 15
400 250  3 HZ ttz 30000 15
400 250  6 HZ wwz 23000 15
400 300  1 HZ wwz 23000 15
400 300 12 HZ wwz 23000 15
400 300 18 HZ wwz 23000 15
400 300  2 HZ zzz 15000 15
400 300 24 HZ wwz 23000 15
400 300  3 HZ ttz 30000 15
400 300  6 HZ wwz 23000 15
400 350  1 HZ wwz 23000 15
400 350 12 HZ wwz 23000 15
400 350 18 HZ wwz 23000 15
400 350  2 HZ zzz 15000 15
400 350 24 HZ wwz 23000 15
400 350  3 HZ ttz 30000 15
400 350  6 HZ wwz 23000 15
450 150  1 HZ wwz 23000 15
450 150 12 HZ wwz 23000 15
450 150 18 HZ wwz 23000 15
450 150  2 HZ zzz 15000 15
450 150 24 HZ wwz 23000 15
450 150  3 HZ ttz 30000 15
450 150  6 HZ wwz 23000 15
450 200  1 HZ wwz 23000 15
450 200 12 HZ wwz 23000 15
450 200 18 HZ wwz 23000 15
450 200  2 HZ zzz 15000 15
450 200 24 HZ wwz 23000 15
450 200  3 HZ ttz 30000 15
450 200  6 HZ wwz 23000 15
450 250  1 HZ wwz 23000 15
450 250 12 HZ wwz 23000 15
450 250 18 HZ wwz 23000 15
450 250  2 HZ zzz 15000 15
450 250 24 HZ wwz 23000 15
450 250  3 HZ ttz 30000 15
450 250  6 HZ wwz 23000 15
450 300  1 HZ wwz 23000 15
450 300 12 HZ wwz 23000 15
450 300 18 HZ wwz 23000 15
450 300  2 HZ zzz 15000 15
450 300 24 HZ wwz 23000 15
450 300  3 HZ ttz 30000 15
450 300  6 HZ wwz 23000 15
450 350  1 HZ wwz 23000 15
450 350 12 HZ wwz 23000 15
450 350 18 HZ wwz 23000 15
450 350  2 HZ zzz 15000 15
450 350 24 HZ wwz 23000 15
450 350  3 HZ ttz 30000 15
450 350  6 HZ wwz 23000 15
450 400  1 HZ wwz 23000 15
450 400 12 HZ wwz 23000 15
450 400 18 HZ wwz 23000 15
450 400  2 HZ zzz 15000 15
450 400 24 HZ wwz 23000 15
450 400  3 HZ ttz 30000 15
450 400  6 HZ wwz 23000 15
500 150  1 HZ wwz 23000 15
500 150 12 HZ wwz 23000 15
500 150 18 HZ wwz 23000 15
500 150  2 HZ zzz 15000 15
500 150 24 HZ wwz 23000 15
500 150  3 HZ ttz 30000 15
500 150  6 HZ wwz 23000 15
500 200  1 HZ wwz 23000 15
500 200 12 HZ wwz 23000 15
500 200 18 HZ wwz 23000 15
500 200  2 HZ zzz 15000 15
500 200 24 HZ wwz 23000 15
500 200  3 HZ ttz 30000 15
500 200  6 HZ wwz 23000 15
500 250  1 HZ wwz 23000 15
500 250 12 HZ wwz 23000 15
500 250 18 HZ wwz 23000 15
500 250  2 HZ zzz 15000 15
500 250 24 HZ wwz 23000 15
500 250  3 HZ ttz 30000 15
500 250  6 HZ wwz 23000 15
500 300  1 HZ wwz 23000 15
500 300 12 HZ wwz 23000 15
500 300 18 HZ wwz 23000 15
500 300  2 HZ zzz 15000 15
500 300 24 HZ wwz 23000 15
500 300  3 HZ ttz 30000 15
500 300  6 HZ wwz 23000 15
500 350  1 HZ wwz 23000 15
500 350 12 HZ wwz 23000 15
500 350 18 HZ wwz 23000 15
500 350  2 HZ zzz 15000 15
500 350 24 HZ wwz 23000 15
500 350  3 HZ ttz 30000 15
500 350  6 HZ wwz 23000 15
500 400  1 HZ wwz 23000 15
500 400 12 HZ wwz 23000 15
500 400 18 HZ wwz 23000 15
500 400  2 HZ zzz 15000 15
500 400 24 HZ wwz 23000 15
500 400  3 HZ ttz 30000 15
500 400  6 HZ wwz 23000 15
500 450  1 HZ wwz 23000 15
500 450 12 HZ wwz 23000 15
500 450 18 HZ wwz 23000 15
500 450  2 HZ zzz 15000 15
500 450 24 HZ wwz 23000 15
500 450  3 HZ ttz 30000 15
500 450  6 HZ wwz 23000 15
550 150  1 HZ wwz 23000 15
550 150 12 HZ wwz 23000 15
550 150 18 HZ wwz 23000 15
550 150  2 HZ zzz 15000 15
550 150 24 HZ wwz 23000 15
550 150  3 HZ ttz 30000 15
550 150  6 HZ wwz 23000 15
550 200  1 HZ wwz 23000 15
550 200 12 HZ wwz 23000 15
550 200 18 HZ wwz 23000 15
550 200  2 HZ zzz 15000 15
550 200 24 HZ wwz 23000 15
550 200  3 HZ ttz 30000 15
550 200  6 HZ wwz 23000 15
550 250  1 HZ wwz 23000 15
550 250 12 HZ wwz 23000 15
550 250 18 HZ wwz 23000 15
550 250  2 HZ zzz 15000 15
550 250 24 HZ wwz 23000 15
550 250  3 HZ ttz 30000 15
550 250  6 HZ wwz 23000 15
550 300  1 HZ wwz 23000 15
550 300 12 HZ wwz 23000 15
550 300 18 HZ wwz 23000 15
550 300  2 HZ zzz 15000 15
550 300 24 HZ wwz 23000 15
550 300  3 HZ ttz 30000 15
550 300  6 HZ wwz 23000 15
550 350  1 HZ wwz 23000 15
550 350 12 HZ wwz 23000 15
550 350 18 HZ wwz 23000 15
550 350  2 HZ zzz 15000 15
550 350 24 HZ wwz 23000 15
550 350  3 HZ ttz 30000 15
550 350  6 HZ wwz 23000 15
550 400  1 HZ wwz 23000 15
550 400 12 HZ wwz 23000 15
550 400 18 HZ wwz 23000 15
550 400  2 HZ zzz 15000 15
550 400 24 HZ wwz 23000 15
550 400  3 HZ ttz 30000 15
550 400  6 HZ wwz 23000 15
550 450  1 HZ wwz 23000 15
550 450 12 HZ wwz 23000 15
550 450 18 HZ wwz 23000 15
550 450  2 HZ zzz 15000 15
550 450 24 HZ wwz 23000 15
550 450  3 HZ ttz 30000 15
550 450  6 HZ wwz 23000 15
550 500  1 HZ wwz 23000 15
550 500 12 HZ wwz 23000 15
550 500 18 HZ wwz 23000 15
550 500  2 HZ zzz 15000 15
550 500 24 HZ wwz 23000 15
550 500  3 HZ ttz 30000 15
550 500  6 HZ wwz 23000 15
600 150  1 HZ wwz 23000 15
600 150 12 HZ wwz 23000 15
600 150 18 HZ wwz 23000 15
600 150  2 HZ zzz 15000 15
600 150 24 HZ wwz 23000 15
600 150  3 HZ ttz 30000 15
600 150  6 HZ wwz 23000 15
600 200  1 HZ wwz 23000 15
600 200 12 HZ wwz 23000 15
600 200 18 HZ wwz 23000 15
600 200  2 HZ zzz 15000 15
600 200 24 HZ wwz 23000 15
600 200  3 HZ ttz 30000 15
600 200  6 HZ wwz 23000 15
600 250  1 HZ wwz 23000 15
600 250 12 HZ wwz 23000 15
600 250 18 HZ wwz 23000 15
600 250  2 HZ zzz 15000 15
600 250 24 HZ wwz 23000 15
600 250  3 HZ ttz 30000 15
600 250  6 HZ wwz 23000 15
600 300  1 HZ wwz 23000 15
600 300 12 HZ wwz 23000 15
600 300 18 HZ wwz 23000 15
600 300  2 HZ zzz 15000 15
600 300 24 HZ wwz 23000 15
600 300  3 HZ ttz 30000 15
600 300  6 HZ wwz 23000 15
600 350  1 HZ wwz 23000 15
600 350 12 HZ wwz 23000 15
600 350 18 HZ wwz 23000 15
600 350  2 HZ zzz 15000 15
600 350 24 HZ wwz 23000 15
600 350  3 HZ ttz 30000 15
600 350  6 HZ wwz 23000 15
600 400  1 HZ wwz 23000 15
600 400 12 HZ wwz 23000 15
600 400 18 HZ wwz 23000 15
600 400  2 HZ zzz 15000 15
600 400 24 HZ wwz 23000 15
600 400  3 HZ ttz 30000 15
600 400  6 HZ wwz 23000 15
600 450  1 HZ wwz 23000 15
600 450 12 HZ wwz 23000 15
600 450 18 HZ wwz 23000 15
600 450  2 HZ zzz 15000 15
600 450 24 HZ wwz 23000 15
600 450  3 HZ ttz 30000 15
600 450  6 HZ wwz 23000 15
600 500  1 HZ wwz 23000 15
600 500 12 HZ wwz 23000 15
600 500 18 HZ wwz 23000 15
600 500  2 HZ zzz 15000 15
600 500 24 HZ wwz 23000 15
600 500  3 HZ ttz 30000 15
600 500  6 HZ wwz 23000 15
600 550  1 HZ wwz 23000 15
600 550 12 HZ wwz 23000 15
600 550 18 HZ wwz 23000 15
600 550  2 HZ zzz 15000 15
600 550 24 HZ wwz 23000 15
600 550  3 HZ ttz 30000 15
600 550  6 HZ wwz 23000 15
650 150  1 HZ wwz 23000 15
650 150 12 HZ wwz 23000 15
650 150 18 HZ wwz 23000 15
650 150  2 HZ zzz 15000 15
650 150 24 HZ wwz 23000 15
650 150  3 HZ ttz 30000 15
650 150  6 HZ wwz 23000 15
650 200  1 HZ wwz 23000 15
650 200 12 HZ wwz 23000 15
650 200 18 HZ wwz 23000 15
650 200  2 HZ zzz 15000 15
650 200 24 HZ wwz 23000 15
650 200  3 HZ ttz 30000 15
650 200  6 HZ wwz 23000 15
650 250  1 HZ wwz 23000 15
650 250 12 HZ wwz 23000 15
650 250 18 HZ wwz 23000 15
650 250  2 HZ zzz 15000 15
650 250 24 HZ wwz 23000 15
650 250  3 HZ ttz 30000 15
650 250  6 HZ wwz 23000 15
650 300  1 HZ wwz 23000 15
650 300 12 HZ wwz 23000 15
650 300 18 HZ wwz 23000 15
650 300  2 HZ zzz 15000 15
650 300 24 HZ wwz 23000 15
650 300  3 HZ ttz 30000 15
650 300  6 HZ wwz 23000 15
650 350  1 HZ wwz 23000 15
650 350 12 HZ wwz 23000 15
650 350 18 HZ wwz 23000 15
650 350  2 HZ zzz 15000 15
650 350 24 HZ wwz 23000 15
650 350  3 HZ ttz 30000 15
650 350  6 HZ wwz 23000 15
650 400  1 HZ wwz 23000 15
650 400 12 HZ wwz 23000 15
650 400 18 HZ wwz 23000 15
650 400  2 HZ zzz 15000 15
650 400 24 HZ wwz 23000 15
650 400  3 HZ ttz 30000 15
650 400  6 HZ wwz 23000 15
650 450  1 HZ wwz 23000 15
650 450 12 HZ wwz 23000 15
650 450 18 HZ wwz 23000 15
650 450  2 HZ zzz 15000 15
650 450 24 HZ wwz 23000 15
650 450  3 HZ ttz 30000 15
650 450  6 HZ wwz 23000 15
650 500  1 HZ wwz 23000 15
650 500 12 HZ wwz 23000 15
650 500 18 HZ wwz 23000 15
650 500  2 HZ zzz 15000 15
650 500 24 HZ wwz 23000 15
650 500  3 HZ ttz 30000 15
650 500  6 HZ wwz 23000 15
650 550  1 HZ wwz 23000 15
650 550 12 HZ wwz 23000 15
650 550 18 HZ wwz 23000 15
650 550  2 HZ zzz 15000 15
650 550 24 HZ wwz 23000 15
650 550  3 HZ ttz 30000 15
650 550  6 HZ wwz 23000 15
650 600  1 HZ wwz 23000 15
650 600 12 HZ wwz 23000 15
650 600 18 HZ wwz 23000 15
650 600  2 HZ zzz 15000 15
650 600 24 HZ wwz 23000 15
650 600  3 HZ ttz 30000 15
650 600  6 HZ wwz 23000 15
700 150  1 HZ wwz 23000 15
700 150 12 HZ wwz 23000 15
700 150 18 HZ wwz 23000 15
700 150  2 HZ zzz 15000 15
700 150 24 HZ wwz 23000 15
700 150  3 HZ ttz 30000 15
700 150  6 HZ wwz 23000 15
700 200  1 HZ wwz 23000 15
700 200 12 HZ wwz 23000 15
700 200 18 HZ wwz 23000 15
700 200  2 HZ zzz 15000 15
700 200 24 HZ wwz 23000 15
700 200  3 HZ ttz 30000 15
700 200  6 HZ wwz 23000 15
700 250  1 HZ wwz 23000 15
700 250 12 HZ wwz 23000 15
700 250 18 HZ wwz 23000 15
700 250  2 HZ zzz 15000 15
700 250 24 HZ wwz 23000 15
700 250  3 HZ ttz 30000 15
700 250  6 HZ wwz 23000 15
700 300  1 HZ wwz 23000 15
700 300 12 HZ wwz 23000 15
700 300 18 HZ wwz 23000 15
700 300  2 HZ zzz 15000 15
700 300 24 HZ wwz 23000 15
700 300  3 HZ ttz 30000 15
700 300  6 HZ wwz 23000 15
700 350  1 HZ wwz 23000 15
700 350 12 HZ wwz 23000 15
700 350 18 HZ wwz 23000 15
700 350  2 HZ zzz 15000 15
700 350 24 HZ wwz 23000 15
700 350  3 HZ ttz 30000 15
700 350  6 HZ wwz 23000 15
700 400  1 HZ wwz 23000 15
700 400 12 HZ wwz 23000 15
700 400 18 HZ wwz 23000 15
700 400  2 HZ zzz 15000 15
700 400 24 HZ wwz 23000 15
700 400  3 HZ ttz 30000 15
700 400  6 HZ wwz 23000 15
700 450  1 HZ wwz 23000 15
700 450 12 HZ wwz 23000 15
700 450 18 HZ wwz 23000 15
700 450  2 HZ zzz 15000 15
700 450 24 HZ wwz 23000 15
700 450  3 HZ ttz 30000 15
700 450  6 HZ wwz 23000 15
700 500  1 HZ wwz 23000 15
700 500 12 HZ wwz 23000 15
700 500 18 HZ wwz 23000 15
700 500  2 HZ zzz 15000 15
700 500 24 HZ wwz 23000 15
700 500  3 HZ ttz 30000 15
700 500  6 HZ wwz 23000 15
700 550  1 HZ wwz 23000 15
700 550 12 HZ wwz 23000 15
700 550 18 HZ wwz 23000 15
700 550  2 HZ zzz 15000 15
700 550 24 HZ wwz 23000 15
700 550  3 HZ ttz 30000 15
700 550  6 HZ wwz 23000 15
700 600  1 HZ wwz 23000 15
700 600 12 HZ wwz 23000 15
700 600 18 HZ wwz 23000 15
700 600  2 HZ zzz 15000 15
700 600 24 HZ wwz 23000 15
700 600  3 HZ ttz 30000 15
700 600  6 HZ wwz 23000 15
700 650  1 HZ wwz 23000 15
700 650 12 HZ wwz 23000 15
700 650 18 HZ wwz 23000 15
700 650  2 HZ zzz 15000 15
700 650 24 HZ wwz 23000 15
700 650  3 HZ ttz 30000 15
700 650  6 HZ wwz 23000 15
750 150  1 HZ wwz 23000 15
750 150 12 HZ wwz 23000 15
750 150 18 HZ wwz 23000 15
750 150  2 HZ zzz 15000 15
750 150 24 HZ wwz 23000 15
750 150  3 HZ ttz 30000 15
750 150  6 HZ wwz 23000 15
750 200  1 HZ wwz 23000 15
750 200 12 HZ wwz 23000 15
750 200 18 HZ wwz 23000 15
750 200  2 HZ zzz 15000 15
750 200 24 HZ wwz 23000 15
750 200  3 HZ ttz 30000 15
750 200  6 HZ wwz 23000 15
750 250  1 HZ wwz 23000 15
750 250 12 HZ wwz 23000 15
750 250 18 HZ wwz 23000 15
750 250  2 HZ zzz 15000 15
750 250 24 HZ wwz 23000 15
750 250  3 HZ ttz 30000 15
750 250  6 HZ wwz 23000 15
750 300  1 HZ wwz 23000 15
750 300 12 HZ wwz 23000 15
750 300 18 HZ wwz 23000 15
750 300  2 HZ zzz 15000 15
750 300 24 HZ wwz 23000 15
750 300  3 HZ ttz 30000 15
750 300  6 HZ wwz 23000 15
750 350  1 HZ wwz 23000 15
750 350 12 HZ wwz 23000 15
750 350 18 HZ wwz 23000 15
750 350  2 HZ zzz 15000 15
750 350 24 HZ wwz 23000 15
750 350  3 HZ ttz 30000 15
750 350  6 HZ wwz 23000 15
750 400  1 HZ wwz 23000 15
750 400 12 HZ wwz 23000 15
750 400 18 HZ wwz 23000 15
750 400  2 HZ zzz 15000 15
750 400 24 HZ wwz 23000 15
750 400  3 HZ ttz 30000 15
750 400  6 HZ wwz 23000 15
750 450  1 HZ wwz 23000 15
750 450 12 HZ wwz 23000 15
750 450 18 HZ wwz 23000 15
750 450  2 HZ zzz 15000 15
750 450 24 HZ wwz 23000 15
750 450  3 HZ ttz 30000 15
750 450  6 HZ wwz 23000 15
750 500  1 HZ wwz 23000 15
750 500 12 HZ wwz 23000 15
750 500 18 HZ wwz 23000 15
750 500  2 HZ zzz 15000 15
750 500 24 HZ wwz 23000 15
750 500  3 HZ ttz 30000 15
750 500  6 HZ wwz 23000 15
750 550  1 HZ wwz 23000 15
750 550 12 HZ wwz 23000 15
750 550 18 HZ wwz 23000 15
750 550  2 HZ zzz 15000 15
750 550 24 HZ wwz 23000 15
750 550  3 HZ ttz 30000 15
750 550  6 HZ wwz 23000 15
750 600  1 HZ wwz 23000 15
750 600 12 HZ wwz 23000 15
750 600 18 HZ wwz 23000 15
750 600  2 HZ zzz 15000 15
750 600 24 HZ wwz 23000 15
750 600  3 HZ ttz 30000 15
750 600  6 HZ wwz 23000 15
750 650  1 HZ wwz 23000 15
750 650 12 HZ wwz 23000 15
750 650 18 HZ wwz 23000 15
750 650  2 HZ zzz 15000 15
750 650 24 HZ wwz 23000 15
750 650  3 HZ ttz 30000 15
750 650  6 HZ wwz 23000 15
750 700  1 HZ wwz 23000 15
750 700 12 HZ wwz 23000 15
750 700 18 HZ wwz 23000 15
750 700  2 HZ zzz 15000 15
750 700 24 HZ wwz 23000 15
750 700  3 HZ ttz 30000 15
750 700  6 HZ wwz 23000 15
800 150  1 HZ wwz 23000 15
800 150 12 HZ wwz 23000 15
800 150 18 HZ wwz 23000 15
800 150  2 HZ zzz 15000 15
800 150 24 HZ wwz 23000 15
800 150  3 HZ ttz 30000 15
800 150  6 HZ wwz 23000 15
800 200  1 HZ wwz 23000 15
800 200 12 HZ wwz 23000 15
800 200 18 HZ wwz 23000 15
800 200  2 HZ zzz 15000 15
800 200 24 HZ wwz 23000 15
800 200  3 HZ ttz 30000 15
800 200  6 HZ wwz 23000 15
800 250  1 HZ wwz 23000 15
800 250 12 HZ wwz 23000 15
800 250 18 HZ wwz 23000 15
800 250  2 HZ zzz 15000 15
800 250 24 HZ wwz 23000 15
800 250  3 HZ ttz 30000 15
800 250  6 HZ wwz 23000 15
800 300  1 HZ wwz 23000 15
800 300 12 HZ wwz 23000 15
800 300 18 HZ wwz 23000 15
800 300  2 HZ zzz 15000 15
800 300 24 HZ wwz 23000 15
800 300  3 HZ ttz 30000 15
800 300  6 HZ wwz 23000 15
800 350  1 HZ wwz 23000 15
800 350 12 HZ wwz 23000 15
800 350 18 HZ wwz 23000 15
800 350  2 HZ zzz 15000 15
800 350 24 HZ wwz 23000 15
800 350  3 HZ ttz 30000 15
800 350  6 HZ wwz 23000 15
800 400  1 HZ wwz 23000 15
800 400 12 HZ wwz 23000 15
800 400 18 HZ wwz 23000 15
800 400  2 HZ zzz 15000 15
800 400 24 HZ wwz 23000 15
800 400  3 HZ ttz 30000 15
800 400  6 HZ wwz 23000 15
800 450  1 HZ wwz 23000 15
800 450 12 HZ wwz 23000 15
800 450 18 HZ wwz 23000 15
800 450  2 HZ zzz 15000 15
800 450 24 HZ wwz 23000 15
800 450  3 HZ ttz 30000 15
800 450  6 HZ wwz 23000 15
800 500  1 HZ wwz 23000 15
800 500 12 HZ wwz 23000 15
800 500 18 HZ wwz 23000 15
800 500  2 HZ zzz 15000 15
800 500 24 HZ wwz 23000 15
800 500  3 HZ ttz 30000 15
800 500  6 HZ wwz 23000 15
800 550  1 HZ wwz 23000 15
800 550 12 HZ wwz 23000 15
800 550 18 HZ wwz 23000 15
800 550  2 HZ zzz 15000 15
800 550 24 HZ wwz 23000 15
800 550  3 HZ ttz 30000 15
800 550  6 HZ wwz 23000 15
800 600  1 HZ wwz 23000 15
800 600 12 HZ wwz 23000 15
800 600 18 HZ wwz 23000 15
800 600  2 HZ zzz 15000 15
800 600 24 HZ wwz 23000 15
800 600  3 HZ ttz 30000 15
800 600  6 HZ wwz 23000 15
800 650  1 HZ wwz 23000 15
800 650 12 HZ wwz 23000 15
800 650 18 HZ wwz 23000 15
800 650  2 HZ zzz 15000 15
800 650 24 HZ wwz 23000 15
800 650  3 HZ ttz 30000 15
800 650  6 HZ wwz 23000 15
800 700  1 HZ wwz 23000 15
800 700 12 HZ wwz 23000 15
800 700 18 HZ wwz 23000 15
800 700  2 HZ zzz 15000 15
800 700 24 HZ wwz 23000 15
800 700  3 HZ ttz 30000 15
800 700  6 HZ wwz 23000 15
800 750  1 HZ wwz 23000 15
800 750 12 HZ wwz 23000 15
800 750 18 HZ wwz 23000 15
800 750  2 HZ zzz 15000 15
800 750 24 HZ wwz 23000 15
800 750  3 HZ ttz 30000 15
800 750  6 HZ wwz 23000 15
850 150  1 HZ wwz 23000 15
850 150 12 HZ wwz 23000 15
850 150 18 HZ wwz 23000 15
850 150  2 HZ zzz 15000 15
850 150 24 HZ wwz 23000 15
850 150  3 HZ ttz 30000 15
850 150  6 HZ wwz 23000 15
